1718056827
1718056827
1718056827
1718056827
1718056827
1718056827
1718056827
1718056827
1718056827
1718056827
1718056827
1718111587
1718111587
1718111587
1718111587
1718111587
1718111587
1718111587
1718111587
1718111587
1718111587
1718111587
1718113185
1718113185
1718113185
1718113185
1718113185
1718113185
1718113185
1718113185
1718113185
1718113185
1718114153
1718114153
1718114153
1718114153
1718114153
1718114153
1718114153
1718114153
1718114153
1718114153
1718718691
1718718691
1718718691
1718718691
1718718691
1718718691
1718718691
1718718691
1718718691
1718718691
1718720636
1718720636
1718720636
1718720636
1718720636
1718720636
1718720636
1718720636
1718720636
1718720636
1718746700
1718746700
1718746700
1718746700
1718746700
1718746700
1718746700
1718746700
1718746700
1718746700
