,prop_missing,prop_1,prop_2
0,0.02,0.627,0.373
1,0.02,0.1,0.9
2,0.03,0.244,0.756
3,0.0,0.684,0.316
4,0.0,0.086,0.914
5,0.0,0.07,0.93
6,0.0,0.429,0.571
7,0.0,0.012,0.988
8,0.0,0.301,0.699
9,0.08,0.644,0.356
10,0.01,0.622,0.378
11,0.0,0.771,0.229
12,0.0,0.031,0.969
13,0.0,0.045,0.955
14,0.0,0.077,0.923
15,0.0,0.004,0.996
16,0.05,0.003,0.997
17,0.01,0.004,0.996
18,0.03,0.009,0.991
19,0.04,0.006,0.994
20,0.02,0.008,0.992
21,0.01,0.014,0.986
22,0.05,0.002,0.998
23,0.08,0.013,0.987
24,0.01,0.045,0.955
25,0.01,0.006,0.994
26,0.0,0.01,0.99
27,0.0,0.004,0.996
28,0.0,0.004,0.996
29,0.01,0.019,0.981
30,0.07,0.012,0.988
31,0.15,0.013,0.987
32,0.08,0.013,0.987
33,0.0,0.009,0.991
34,0.0,0.02,0.98
35,0.04,0.014,0.986
36,0.06,0.01,0.99
37,0.02,0.008,0.992
38,0.0,0.012,0.988
39,0.05,0.993,0.007
40,0.02,0.998,0.002
41,0.0,0.998,0.002
42,0.08,0.991,0.009
43,0.01,0.997,0.003
44,0.55,0.236,0.764
45,0.02,0.995,0.005
46,0.0,0.998,0.002
47,0.01,0.998,0.002
48,0.14,0.969,0.031
49,0.01,0.996,0.004
50,0.06,0.996,0.004
51,0.01,0.727,0.273
52,0.0,0.993,0.007
53,0.07,0.554,0.446
54,0.06,0.631,0.369
55,0.13,0.015,0.985
56,0.0,0.693,0.307
57,0.0,0.993,0.007
58,0.03,0.995,0.005
59,0.04,0.005,0.995
60,0.05,0.013,0.987
61,0.08,0.003,0.997
62,0.05,0.01,0.99
63,0.0,0.048,0.952
64,0.0,0.004,0.996
65,0.05,0.01,0.99
66,0.07,0.009,0.991
67,0.03,0.003,0.997
68,0.04,0.003,0.997
69,0.01,0.115,0.885
70,0.23,0.007,0.993
71,0.0,0.003,0.997
72,0.02,0.006,0.994
73,0.0,0.001,0.999
74,0.0,0.018,0.982
75,0.0,0.168,0.832
76,0.0,0.003,0.997
77,0.01,0.006,0.994
78,0.0,0.003,0.997
79,0.01,0.008,0.992
80,0.0,0.003,0.997
81,0.03,0.033,0.967
82,0.0,0.004,0.996
83,0.0,0.004,0.996
84,0.0,0.003,0.997
85,0.03,0.003,0.997
86,0.05,0.006,0.994
87,0.06,0.009,0.991
88,0.02,0.048,0.952
89,0.03,0.007,0.993
90,0.05,0.017,0.983
91,0.0,0.006,0.994
92,0.01,0.02,0.98
93,0.02,0.005,0.995
94,0.02,0.005,0.995
95,0.0,0.009,0.991
96,0.0,0.005,0.995
97,0.02,0.004,0.996
98,0.02,0.013,0.987
99,0.24,0.009,0.991
100,0.03,0.026,0.974
101,0.43,0.2,0.8
102,0.07,0.102,0.898
103,0.03,0.255,0.745
104,0.07,0.137,0.863
105,0.04,0.787,0.213
106,0.01,0.004,0.996
107,0.06,0.616,0.384
108,0.08,0.66,0.34
109,0.09,0.043,0.957
110,0.17,0.121,0.879
111,0.54,0.022,0.978
112,0.02,0.167,0.833
113,0.06,0.061,0.939
114,0.09,0.003,0.997
115,0.03,0.068,0.932
116,0.01,0.169,0.831
117,0.03,0.291,0.709
118,0.15,0.004,0.996
119,0.19,0.028,0.972
120,0.0,0.326,0.674
121,0.0,0.488,0.512
122,0.07,0.021,0.979
123,0.0,0.24,0.76
124,0.0,0.661,0.339
125,0.03,0.126,0.874
126,0.01,0.186,0.814
127,0.04,0.126,0.874
128,0.16,0.061,0.939
129,0.43,0.018,0.982
130,0.17,0.007,0.993
131,0.11,0.005,0.995
132,0.14,0.012,0.988
133,0.05,0.061,0.939
134,0.02,0.008,0.992
135,0.37,0.959,0.041
136,0.25,0.484,0.516
137,0.42,0.3,0.7
138,0.12,0.066,0.934
139,0.03,0.044,0.956
140,0.03,0.005,0.995
141,0.1,0.002,0.998
142,0.03,0.002,0.998
143,0.09,0.005,0.995
144,0.15,0.008,0.992
145,0.12,0.005,0.995
146,0.3,0.002,0.998
147,0.51,0.508,0.492
148,0.0,0.997,0.003
149,0.0,0.997,0.003
150,0.0,0.995,0.005
151,0.03,0.988,0.012
152,0.0,0.997,0.003
153,0.01,0.997,0.003
154,0.0,0.392,0.608
155,0.0,0.194,0.806
156,0.31,0.331,0.669
157,0.14,0.181,0.819
158,0.19,0.238,0.762
159,0.39,0.243,0.757
160,0.01,0.205,0.795
161,0.03,0.17,0.83
162,0.08,0.193,0.807
163,0.12,0.22,0.78
164,0.1,0.105,0.895
165,0.13,0.19,0.81
166,0.47,0.036,0.964
167,0.85,0.081,0.919
168,0.1,0.027,0.973
169,0.17,0.042,0.958
170,0.04,0.009,0.991
171,0.03,0.193,0.807
172,0.09,0.023,0.977
173,0.02,0.029,0.971
174,0.0,0.029,0.971
175,0.08,0.005,0.995
176,0.0,0.105,0.895
177,0.01,0.138,0.862
178,0.0,0.033,0.967
179,0.0,0.007,0.993
180,0.02,0.014,0.986
181,0.0,0.612,0.388
182,0.0,0.005,0.995
183,0.01,0.025,0.975
184,0.2,0.011,0.989
185,0.0,0.021,0.979
186,0.02,0.005,0.995
187,0.01,0.011,0.989
188,0.12,0.006,0.994
189,0.0,0.023,0.977
190,0.0,0.003,0.997
191,0.05,0.019,0.981
192,0.11,0.009,0.991
193,0.14,0.013,0.987
194,0.02,0.004,0.996
195,0.07,0.072,0.928
196,0.03,0.007,0.993
197,0.05,0.005,0.995
198,0.09,0.007,0.993
199,0.01,0.009,0.991
200,0.09,0.003,0.997
201,0.07,0.008,0.992
202,0.01,0.008,0.992
203,0.06,0.004,0.996
204,0.0,0.08,0.92
205,0.0,0.002,0.998
206,0.0,0.002,0.998
207,0.03,0.002,0.998
208,0.13,0.101,0.899
209,0.02,0.01,0.99
210,0.07,0.007,0.993
211,0.02,0.025,0.975
212,0.08,0.003,0.997
213,0.17,0.01,0.99
214,0.06,0.178,0.822
215,0.0,0.249,0.751
216,0.04,0.994,0.006
217,0.02,0.93,0.07
218,0.12,0.154,0.846
219,0.13,0.285,0.715
220,0.49,0.007,0.993
221,0.12,0.025,0.975
222,0.02,0.003,0.997
223,0.06,0.004,0.996
224,0.21,0.005,0.995
225,0.02,0.008,0.992
226,0.05,0.007,0.993
227,0.45,0.013,0.987
228,0.48,0.019,0.981
229,0.0,0.002,0.998
230,0.02,0.104,0.896
231,0.0,0.005,0.995
232,0.0,0.007,0.993
233,0.03,0.003,0.997
234,0.01,0.007,0.993
235,0.25,0.08,0.92
236,0.02,0.003,0.997
237,0.21,0.006,0.994
238,0.11,0.03,0.97
239,0.0,0.009,0.991
240,0.62,0.012,0.988
241,0.08,0.005,0.995
242,0.07,0.002,0.998
243,0.04,0.006,0.994
244,0.18,0.015,0.985
245,0.38,0.02,0.98
246,0.07,0.006,0.994
247,0.55,0.022,0.978
248,0.01,0.01,0.99
249,0.0,0.021,0.979
250,0.07,0.005,0.995
251,0.01,0.006,0.994
252,0.04,0.002,0.998
253,0.08,0.004,0.996
254,0.36,0.034,0.966
255,0.09,0.006,0.994
256,0.72,0.007,0.993
257,0.01,0.014,0.986
258,0.0,0.053,0.947
259,0.0,0.015,0.985
260,0.0,0.004,0.996
261,0.01,0.009,0.991
262,0.03,0.004,0.996
263,0.29,0.012,0.988
264,0.0,0.086,0.914
265,0.0,0.006,0.994
266,0.07,0.009,0.991
267,0.4,0.027,0.973
268,0.72,0.24,0.76
269,0.02,0.006,0.994
270,0.68,0.011,0.989
271,0.49,0.01,0.99
272,0.18,0.007,0.993
273,0.07,0.006,0.994
274,0.7,0.335,0.665
275,0.02,0.002,0.998
276,0.7,0.014,0.986
277,0.04,0.014,0.986
278,0.02,0.005,0.995
279,0.04,0.802,0.198
280,0.0,0.021,0.979
281,0.02,0.008,0.992
282,0.04,0.024,0.976
283,0.22,0.108,0.892
284,0.0,0.129,0.871
285,0.72,0.031,0.969
286,0.01,0.01,0.99
287,0.0,0.095,0.905
288,0.0,0.853,0.147
289,0.0,0.994,0.006
290,0.0,0.003,0.997
291,0.0,0.993,0.007
292,0.0,0.999,0.001
293,0.0,0.851,0.149
294,0.0,0.002,0.998
295,0.0,0.012,0.988
296,0.37,0.026,0.974
297,0.5,0.092,0.908
298,0.01,0.007,0.993
299,0.0,0.006,0.994
300,0.2,0.005,0.995
301,0.54,0.154,0.846
302,0.04,0.048,0.952
303,0.56,0.045,0.955
304,0.82,0.044,0.956
305,0.01,0.012,0.988
306,0.12,0.005,0.995
307,0.1,0.071,0.929
308,0.23,0.02,0.98
309,0.1,0.109,0.891
310,0.04,0.061,0.939
311,0.03,0.009,0.991
312,0.1,0.006,0.994
313,0.03,0.014,0.986
314,0.02,0.991,0.009
315,0.46,0.994,0.006
316,0.05,0.985,0.015
317,0.44,0.85,0.15
318,0.02,0.998,0.002
319,0.03,0.998,0.002
320,0.06,0.741,0.259
321,0.0,0.985,0.015
322,0.02,0.996,0.004
