"AR","IA_NE","IL_IN","KS_OK","KY_TN","LA","MI","MN_WI_ND","MO","MS","OH_WV","SC_NC"
"AR",NA,0.0496181801341968,0.0388061387944701,0.00590950190779701,0.0312484173745652,0.0112028235429321,0.0390665488807627,0.0663949708467548,0.0104234649869689,0.0432307893842374,0.0454844542290634,0.0561031565724344
"IA_NE",0.0496181801341968,NA,0.0507806682388459,0.0360793597926961,0.0454930826485845,0.0449784489248104,0.0404815502748823,0.0107828636590538,0.0271562263974686,0.057035928067646,0.0605994440401652,0.0764252927397647
"IL_IN",0.0388061387944701,0.0507806682388459,NA,0.0364880577836583,0.0130140790723064,0.0220032844139672,0.0132298681828264,0.0623595206135031,0.0337747103403011,0.0300025555196865,0.0355575262244221,0.0491376733333722
"KS_OK",0.00590950190779701,0.0360793597926961,0.0364880577836583,NA,0.0312917950354316,0.0123348418928959,0.0332997897398829,0.0578009093975253,0.00822420234385847,0.0438254649745757,0.0435778473665951,0.0575688991156727
"KY_TN",0.0312484173745652,0.0454930826485845,0.0130140790723064,0.0312917950354316,NA,0.0130956808579568,0.0157906371564553,0.0558212043258948,0.0308471140894876,0.0172063118353398,0.0189724001443974,0.0326656019697757
"LA",0.0112028235429321,0.0449784489248104,0.0220032844139672,0.0123348418928959,0.0130956808579568,NA,0.0211602843941035,0.0674482498472861,0.0176491118788494,0.0202418469593612,0.0247153311801876,0.0398463435494223
"MI",0.0390665488807627,0.0404815502748823,0.0132298681828264,0.0332997897398829,0.0157906371564553,0.0211602843941035,NA,0.0620278809603891,0.0289034969793379,0.0346529765558245,0.0306002156244111,0.0487827430729008
"MN_WI_ND",0.0663949708467548,0.0107828636590538,0.0623595206135031,0.0578009093975253,0.0558212043258948,0.0674482498472861,0.0620278809603891,NA,0.0463510446666235,0.0719662672619721,0.0779083660504497,0.0924793528204529
"MO",0.0104234649869689,0.0271562263974686,0.0337747103403011,0.00822420234385847,0.0308471140894876,0.0176491118788494,0.0289034969793379,0.0463510446666235,NA,0.0411766878129797,0.0429025501769702,0.0567046582697809
"MS",0.0432307893842374,0.057035928067646,0.0300025555196865,0.0438254649745757,0.0172063118353398,0.0202418469593612,0.0346529765558245,0.0719662672619721,0.0411766878129797,NA,0.0395640646752109,0.0448817875219807
"OH_WV",0.0454844542290634,0.0605994440401652,0.0355575262244221,0.0435778473665951,0.0189724001443974,0.0247153311801876,0.0306002156244111,0.0779083660504497,0.0429025501769702,0.0395640646752109,NA,0.0514345136270587
"SC_NC",0.0561031565724344,0.0764252927397647,0.0491376733333722,0.0575688991156727,0.0326656019697757,0.0398463435494223,0.0487827430729008,0.0924793528204529,0.0567046582697809,0.0448817875219807,0.0514345136270587,NA
