"AR","IA_NE","IL_IN","KS_OK","KY_TN","LA","MI","MN_WI_ND","MO","MS","OH_WV","SC_NC"
"AR",NA,0.0504,0.0387,0.0056,0.0316,0.0102,0.0401,0.0666,0.0104,0.043,0.0457,0.0571
"IA_NE",0.0504,NA,0.051,0.0361,0.0478,0.0432,0.0401,0.0101,0.0279,0.0576,0.0605,0.0764
"IL_IN",0.0387,0.051,NA,0.0365,0.0135,0.0213,0.0142,0.0606,0.0335,0.03,0.0356,0.0497
"KS_OK",0.0056,0.0361,0.0365,NA,0.0316,0.0121,0.035,0.0554,0.0077,0.0438,0.0437,0.0584
"KY_TN",0.0316,0.0478,0.0135,0.0316,NA,0.0131,0.0183,0.0579,0.031,0.0175,0.0199,0.0349
"LA",0.0102,0.0432,0.0213,0.0121,0.0131,NA,0.0217,0.0615,0.0161,0.0197,0.024,0.0385
"MI",0.0401,0.0401,0.0142,0.035,0.0183,0.0217,NA,0.0584,0.0296,0.0361,0.031,0.0484
"MN_WI_ND",0.0666,0.0101,0.0606,0.0554,0.0579,0.0615,0.0584,NA,0.0473,0.0702,0.0756,0.0902
"MO",0.0104,0.0279,0.0335,0.0077,0.031,0.0161,0.0296,0.0473,NA,0.0406,0.043,0.0577
"MS",0.043,0.0576,0.03,0.0438,0.0175,0.0197,0.0361,0.0702,0.0406,NA,0.0398,0.0459
"OH_WV",0.0457,0.0605,0.0356,0.0437,0.0199,0.024,0.031,0.0756,0.043,0.0398,NA,0.0517
"SC_NC",0.0571,0.0764,0.0497,0.0584,0.0349,0.0385,0.0484,0.0902,0.0577,0.0459,0.0517,NA
