NA,0.0447,0.0159,0.0554,0.034,0.0214,0.0033,0.0573,0.0302,0.0149
0.0447,NA,0.0442,0.0272,0.028,0.0616,0.0815,0.0958,0.0461,0.0458
0.0159,0.0442,NA,0.052,0.0368,0.0298,0.0101,0.0732,0.0255,0.027
0.0554,0.0272,0.052,NA,0.0555,0.0733,0.0789,0.1032,0.0725,0.0604
0.034,0.028,0.0368,0.0555,NA,0.0484,0.0379,0.085,0.0054,0.0352
0.0214,0.0616,0.0298,0.0733,0.0484,NA,0.0196,0.0725,0.04,0.0323
0.0033,0.0815,0.0101,0.0789,0.0379,0.0196,NA,0.1008,NA,0.0183
0.0573,0.0958,0.0732,0.1032,0.085,0.0725,0.1008,NA,0.1033,0.061
0.0302,0.0461,0.0255,0.0725,0.0054,0.04,NA,0.1033,NA,0.0385
0.0149,0.0458,0.027,0.0604,0.0352,0.0323,0.0183,0.061,0.0385,NA
