0.073389
0.060550
0.119038
0.488383
0.498362
0.134745
0.309142
0.263750
0.152429
0.302503
0.051796
0.059059
0.061243
0.057992
0.296374
0.056183
0.417998
0.196592
0.195513
0.078085
0.463972
0.162030
0.067087
0.069159
0.186067
0.065245
0.075734
0.244242
0.289045
0.072127
0.161009
0.056647
0.098819
0.320237
0.329372
0.230922
0.243631
0.100146
0.103912
0.139911
0.253373
0.183670
0.263800
0.782026
0.465388
0.063076
0.053728
0.395209
0.260671
0.146224
0.108415
0.347651
0.062255
0.414856
0.144066
0.168732
0.438828
0.143374
0.337931
0.113886
0.493262
0.107095
0.075655
0.327505
0.201863
0.307745
0.434045
0.476970
0.482685
0.352184
0.230772
0.177940
0.067191
0.065278
0.153087
0.436343
0.341076
0.066932
0.084746
0.331398
0.076755
0.217721
0.428209
0.054728
0.233252
0.184640
0.460853
0.255339
0.101001
0.131374
0.089708
0.359488
0.325287
0.201828
0.078623
0.357040
0.241722
0.242298
0.054564
0.051643
0.137755
0.114466
0.266680
0.120372
0.449805
0.080835
0.252869
0.324736
0.114106
0.119235
0.106967
0.066291
0.089092
0.175609
0.052610
0.255281
0.065098
0.237850
0.152813
0.053082
0.255047
0.141610
0.066885
0.079962
0.268330
0.052136
0.051766
0.158497
0.167056
0.163629
0.217361
0.113136
0.180494
0.084221
0.365309
0.231422
0.186632
0.074007
0.095971
0.214116
0.081555
0.119435
0.056303
0.070114
0.221653
0.113304
0.177041
0.307062
0.329612
0.057327
0.275954
0.364792
0.134370
0.065595
0.052513
0.235631
0.072888
0.055006
0.323301
0.307200
0.155343
0.067219
0.065296
0.149894
0.114485
0.118107
0.094902
0.200406
0.063071
0.289143
0.177537
0.374609
0.080201
0.143495
0.070385
0.269987
0.928356
0.214366
0.078767
0.284613
0.436248
0.287674
0.085640
0.410805
0.124175
0.173097
0.074299
0.111933
0.340296
0.152273
0.238543
0.400879
0.205388
0.159410
0.066209
0.246266
0.094317
0.362961
0.108835
0.204110
0.135610
0.080701
0.356856
0.060636
0.371895
0.363823
0.310374
0.270797
0.055570
0.216671
0.119121
0.140857
0.309529
0.108917
0.165828
0.275030
0.123477
0.069830
0.271124
0.202019
0.159316
0.183842
0.281682
0.185946
0.428589
0.105001
0.052877
0.251355
0.163414
0.050833
0.146070
0.248622
0.156539
0.057390
0.166310
0.104341
0.292162
0.060081
0.414166
0.284431
0.469543
0.261567
0.053322
0.269016
0.349580
0.191814
0.283149
0.446379
0.279537
0.051000
0.315191
0.420581
0.346159
0.062631
0.380011
0.069996
0.142201
0.079621
0.183054
0.272734
0.075644
0.238815
0.236050
0.051615
0.093971
0.069091
0.148373
0.068941
0.283317
0.082952
0.488221
0.166315
0.180825
0.058605
0.067130
0.332325
0.060633
0.148206
0.115995
0.084289
0.201251
0.281352
0.274496
0.476764
0.340654
0.186660
0.143907
0.185163
0.362499
0.093208
0.131593
0.470448
0.466657
0.170414
0.210480
0.190963
0.389757
0.121477
0.228702
0.095669
0.285595
0.188050
0.072399
0.125128
0.073354
0.052415
0.203104
0.085976
0.412516
0.152633
0.136467
0.331927
0.310270
0.147068
0.358714
0.183882
0.261262
0.089905
0.107900
0.088069
0.286198
0.257893
0.329090
0.373249
0.061446
0.200803
0.086317
0.337734
0.237503
0.085392
0.284704
0.368017
0.248490
0.094974
0.094908
0.435248
0.447818
0.334073
0.215297
0.134958
0.058311
0.209419
0.202579
0.144730
0.332612
0.052029
0.301288
0.148923
0.324368
0.128449
0.054871
0.293169
0.065904
0.074538
0.221476
0.085166
0.130134
0.191811
0.133520
0.376925
0.165538
0.343473
0.472348
0.235017
0.356339
0.173760
0.273567
0.123397
0.369774
0.387402
0.418571
0.117988
0.262952
0.145188
0.329168
0.371389
0.217103
0.388765
0.101105
0.136080
0.071726
0.296947
0.431164
0.203626
0.088027
0.307236
0.204539
0.119713
0.093294
0.070673
0.083524
0.227651
0.077148
0.062663
0.448324
0.130534
0.055759
0.112286
0.122660
0.056847
0.191753
0.313902
0.051993
0.410307
0.305482
0.069346
0.138514
0.067545
0.214413
0.134079
0.149632
0.164465
0.163695
0.236287
0.184734
0.231292
0.133342
0.074554
0.215175
0.315187
0.084881
0.317887
0.349872
0.328331
0.059080
0.135170
0.482980
0.155808
0.122569
0.129287
0.125395
0.095891
0.146424
0.137149
0.326661
0.219213
0.097975
0.121339
0.238840
0.204603
0.286996
0.239662
0.262240
0.204534
0.386360
0.370107
0.292862
0.439471
0.218968
0.495734
0.316611
0.054676
0.406908
0.063498
0.381621
0.317844
0.325352
0.345969
0.078458
0.426920
0.475951
0.245515
0.198998
0.162033
0.399483
0.408368
0.068305
0.062489
0.311578
0.393472
0.473385
0.127900
0.273014
0.063333
0.161546
0.244120
0.437880
0.157755
0.206046
0.110493
0.284063
0.076091
0.073362
0.083110
0.052188
0.126132
0.055127
0.297519
0.068028
0.088326
0.400309
0.198555
0.052586
0.086975
0.132984
0.063705
0.098737
0.339020
0.366926
0.327705
0.158918
0.240702
0.075763
0.354007
0.179062
0.072313
0.074391
0.077770
0.093359
0.183656
0.359074
0.362067
0.195372
0.468057
0.053003
0.104106
0.141680
0.402416
0.282838
0.200974
0.072431
0.273829
0.388394
0.459382
0.069378
0.167544
0.096311
0.133729
0.123618
0.288292
0.124608
0.337062
0.056887
0.137442
0.050606
0.314913
0.157381
0.157470
0.340341
0.118012
0.101093
0.101153
0.147409
0.214815
0.222455
0.082922
0.099503
0.226011
0.151952
0.158123
0.433559
0.449373
0.265372
0.086853
0.285320
0.203485
0.053795
0.118930
0.077304
0.082013
0.205539
0.220083
0.135285
0.168861
0.247436
0.165343
0.100353
0.209818
0.095323
0.222933
0.100858
0.158944
0.064367
0.409374
0.307950
0.269021
0.064825
0.380707
0.112535
0.304700
0.189423
0.057635
0.358774
0.163945
0.141152
0.086353
0.100896
0.067550
0.234097
0.365206
0.256835
0.227821
0.105181
0.119978
0.355784
0.081016
0.239606
0.328309
0.071081
0.117765
0.209666
0.428461
0.498554
0.233749
0.215470
0.053319
0.210576
0.145811
0.285520
0.315530
0.147018
0.059362
0.101161
0.143811
0.162051
0.315062
0.356983
0.088695
0.344358
0.428271
0.159495
0.160269
0.088625
0.119350
0.280187
0.099743
0.148175
0.064251
0.460812
0.169241
0.446551
0.050335
0.258084
0.078333
0.063867
0.238673
0.238451
0.253820
0.323877
0.123083
0.053736
0.380974
0.068248
0.385667
0.379393
0.247858
0.417852
0.165823
0.411190
0.319486
0.326428
0.493892
0.065776
0.122390
0.156456
0.340415
0.302248
0.117499
0.190904
0.379767
0.184034
0.092121
0.097471
0.399677
0.081349
0.369971
0.091871
0.216053
0.051068
0.063840
0.099141
0.182814
0.172445
0.078535
0.399911
0.102808
0.057613
0.090642
0.356284
0.138589
0.060983
0.160989
0.288274
0.309032
0.287536
0.131030
0.214252
0.080137
0.158645
0.261361
0.183772
0.398744
0.057768
0.160008
0.140120
0.243824
0.054745
0.102954
0.114701
0.164916
0.420802
0.424051
0.218944
0.130872
0.111165
0.210517
0.251181
0.135098
0.067926
0.055780
0.299603
0.195609
0.397284
0.301233
0.140888
0.173534
0.050319
0.202008
0.130198
0.107815
0.307132
0.260686
0.431551
0.149256
0.227176
0.236233
0.100547
0.056257
0.063690
0.203703
0.087253
0.087039
0.302923
0.099222
0.362930
0.349006
0.103286
0.317612
0.471094
0.216549
0.446870
0.478680
0.233523
0.130554
0.420532
0.113921
0.369057
0.315133
0.222406
0.395017
0.066724
0.429685
0.057376
0.100951
0.323710
0.223942
0.418056
0.415017
0.476931
0.288733
0.330862
0.115275
0.103497
0.192522
0.195794
0.247294
0.344372
0.415652
0.141673
0.236496
0.080351
0.259930
0.063445
0.414709
0.466775
0.051187
0.264297
0.209057
0.187090
0.116524
0.092345
0.126470
0.134763
0.232237
0.326237
0.170512
0.218345
0.132497
0.148038
0.390616
0.112995
0.258336
0.152830
0.258367
0.120439
0.100696
0.054237
0.179882
0.128359
0.318963
0.451149
0.100442
0.050721
0.206203
0.374972
0.327830
0.315170
0.223172
0.442367
0.084885
0.181772
0.282675
0.381133
0.118039
0.075835
0.384298
0.051225
0.058163
0.262432
0.340024
0.223151
0.105746
0.376586
0.165616
0.245731
0.155214
0.480120
0.214149
0.272640
0.081761
0.378829
0.426946
0.296618
0.207508
0.268162
0.374618
0.061215
0.256848
0.059145
0.134165
0.071472
0.442901
0.129107
0.132261
0.280641
0.226872
0.056697
0.056733
0.208076
0.203338
0.210933
0.054530
0.206055
0.345709
0.255531
0.160813
0.062719
0.114738
0.151190
0.225551
0.487107
0.086007
0.062837
0.386210
0.085569
0.074684
0.418247
0.467367
0.054178
0.481301
0.156407
0.086703
0.119392
0.354074
0.095774
0.396264
0.286810
0.391433
0.407096
0.470548
0.050772
0.326390
0.408052
0.437769
0.072243
0.098041
0.213597
0.186266
0.330562
0.098167
0.154584
0.063091
0.101618
0.490797
0.411551
0.496011
0.236582
0.243163
0.089640
0.072877
0.058097
0.095606
0.122554
0.164824
0.084548
0.319714
0.084082
0.363693
0.194919
0.141193
0.398578
0.427747
0.087366
0.415064
0.278572
0.104519
0.392970
0.200276
0.120066
0.074469
0.150142
0.116384
0.225142
0.062150
0.391483
0.065611
0.284676
0.355571
0.353729
0.307253
0.058329
0.489923
0.435466
0.074286
0.052242
0.129753
0.256570
0.279196
0.155036
0.248085
0.070091
0.104438
0.406153
0.051083
0.076301
0.488539
0.072339
0.268893
0.481933
0.053659
0.114217
0.130615
0.357040
0.478034
0.436417
0.439346
0.197153
0.114367
0.492433
0.425261
0.051108
0.283858
0.141429
0.094564
0.132383
0.102004
0.066351
0.484876
0.053257
0.406958
0.134688
0.130161
0.437052
0.103923
0.056999
0.134043
0.418095
0.108232
0.333847
0.333188
0.384233
0.419741
0.485968
0.070784
0.436120
0.209939
0.178971
0.302616
0.263784
0.143857
0.178340
0.052017
0.184993
0.182948
0.054279
0.212825
0.419456
0.054481
0.352486
0.321746
0.265532
0.079417
0.199330
0.362297
0.165116
0.357771
0.308883
0.093553
0.124045
0.399626
0.214570
0.060678
0.204099
0.363217
0.483097
0.082954
0.089704
0.181184
0.075647
0.138678
0.066385
0.244899
0.100235
0.098218
0.085011
0.092286
0.093751
0.490643
0.494775
0.121954
0.301179
0.122730
0.409323
0.117154
0.160148
0.114585
0.313307
0.158675
0.081288
0.093065
0.340075
0.421474
0.059123
0.060871
0.276303
0.061553
0.470316
0.426436
0.413529
0.098056
0.145345
0.395481
0.225556
0.224692
0.110300
0.151306
0.217161
0.090149
0.298133
0.249048
0.061137
0.066824
0.057626
0.088694
0.363144
0.105230
0.108046
0.060509
0.335900
0.247914
0.073340
0.179936
0.143212
0.212389
0.318389
0.370945
0.175514
0.076140
0.338984
0.335376
0.428026
0.266448
0.050163
0.155777
0.174136
0.067246
0.059457
0.365921
0.055155
0.197710
0.401109
0.148786
0.358947
0.474434
0.303998
0.059818
0.063076
0.054078
0.161391
0.384260
0.490049
0.296858
0.072304
0.179565
0.056236
0.420296
0.160222
0.061753
0.079714
0.059649
0.305660
0.249551
0.135211
0.303041
0.282860
0.086005
0.145951
0.472097
0.407255
0.120575
0.494903
0.254446
0.158067
0.112272
0.492320
0.260840
0.472309
0.287886
0.445677
0.443217
0.116132
0.123127
0.298986
0.093033
0.139651
0.124229
0.058820
0.052519
0.332093
0.393371
0.307080
0.146740
0.462958
0.123408
0.130373
0.219264
0.056142
0.117431
0.075374
0.109338
0.080633
0.251501
0.488946
0.153178
0.269895
0.330962
0.112273
0.239666
0.182751
0.051385
0.053322
0.249478
0.252059
0.094706
0.125700
0.254422
0.461906
0.479227
0.070873
0.259837
0.260605
0.172267
0.247332
0.085734
0.095981
0.213319
0.148589
0.301759
0.152504
0.120128
0.315874
0.055321
0.188391
0.215919
0.482974
0.176869
0.218922
0.050096
0.498494
0.072670
0.123019
0.066954
0.215189
0.209865
0.360803
0.273934
0.183355
0.233649
0.324603
0.116003
0.245939
0.238037
0.902458
0.174905
0.226017
0.487884
0.304110
0.098383
0.088676
0.205339
0.203528
0.202996
0.069733
0.187990
0.078239
0.181470
0.265044
0.080507
0.219003
0.060704
0.196656
0.128543
0.362137
0.227829
0.244608
0.396048
0.113680
0.432018
0.123508
0.071154
0.053554
0.054771
0.337683
0.481931
0.443813
0.069889
0.289046
0.341310
0.264222
0.101904
0.151048
0.162521
0.369017
0.228793
0.348130
0.109809
0.118258
0.054340
0.075148
0.096991
0.154929
0.299531
0.063219
0.452124
0.477488
0.443041
0.397705
0.393731
0.239606
0.160891
0.445083
0.055886
0.260645
0.365681
0.077631
0.060948
0.261651
0.456582
0.280065
0.281435
0.160742
0.346792
0.051637
0.130606
0.174179
0.140640
0.137945
0.153387
0.055440
0.226955
0.089834
0.140798
0.141277
0.152613
0.080226
0.241138
0.434440
0.335178
0.373408
0.225756
0.297786
0.343253
0.342414
0.205131
0.067796
0.376190
0.328082
0.321872
0.391787
0.489244
0.318061
0.110101
0.489899
0.489680
0.344682
0.071497
0.093534
0.262489
0.293159
0.051420
0.050683
0.293330
0.241488
0.054075
0.398185
0.103350
0.056386
0.091092
0.470724
0.077530
0.349484
0.463584
0.104085
0.396526
0.115331
0.193171
0.080321
0.274449
0.054429
0.205655
0.111503
0.297951
0.296331
0.133260
0.156243
0.180524
0.176847
0.336003
0.225019
0.356385
0.359859
0.109059
0.067250
0.063141
0.192134
0.412157
0.064088
0.179058
0.239552
0.172588
0.087630
0.201295
0.334636
0.146989
0.148658
0.161127
0.202810
0.147411
0.195732
0.152752
0.074411
0.405655
0.093242
0.211245
0.171726
0.080319
0.302676
0.190260
0.142532
0.363293
0.369420
0.256757
0.058716
0.080887
0.108952
0.303024
0.338152
0.136025
0.251856
0.065887
0.064500
0.146119
0.124870
0.161823
0.217888
0.209313
0.063833
0.332705
0.361891
0.099775
0.073601
0.076256
0.323670
0.060067
0.059461
0.084948
0.128774
0.221510
0.221700
0.068535
0.176229
0.121244
0.192918
0.122370
0.392201
0.118152
0.062327
0.172845
0.121439
0.096310
0.224418
0.116460
0.065195
0.220326
0.091168
0.313957
0.264912
0.305299
0.265156
0.203613
0.264967
0.269550
0.168834
0.116947
0.105794
0.107511
0.235570
0.104396
0.054905
0.151185
0.066855
0.400710
0.165608
0.165066
0.090683
0.125215
0.059548
0.373312
0.431317
0.072940
0.136938
0.259682
0.227457
0.475680
0.097164
0.348019
0.194807
0.445606
0.169139
0.369624
0.213872
0.430507
0.391024
0.285265
0.272600
0.214256
0.106444
0.203929
0.113897
0.125051
0.489866
0.306751
0.313129
0.388624
0.158240
0.062126
0.397378
0.405735
0.412933
0.179245
0.090518
0.144199
0.055165
0.169966
0.159128
0.360640
0.357302
0.055437
0.215506
0.071895
0.080906
0.108473
0.417098
0.317388
0.172336
0.499938
0.340574
0.293607
0.095663
0.414496
0.103655
0.136928
0.061949
0.087274
0.054762
0.238286
0.050871
0.054614
0.193301
0.063004
0.053081
0.124493
0.175713
0.177617
0.136266
0.201670
0.164739
0.209817
0.205192
0.309317
0.308337
0.067375
0.086663
0.324791
0.213748
0.118700
0.203053
0.101339
0.172309
0.058207
0.330152
0.078263
0.082758
0.104536
0.059538
0.084480
0.432482
0.217782
0.253554
0.137820
0.073895
0.118176
0.462307
0.147627
0.056320
0.084291
0.169066
0.087520
0.068177
0.076358
0.065975
0.360197
0.158397
0.243540
0.451718
0.340587
0.060238
0.421692
0.224982
0.298027
0.468562
0.375231
0.146045
0.149160
0.081413
0.142767
0.310368
0.238270
0.249221
0.497576
0.105639
0.218767
0.396683
0.235837
0.371720
0.193939
0.094160
0.172758
0.062473
0.144958
0.222939
0.287409
0.064336
0.073809
0.090887
0.079256
0.183613
0.053678
0.786419
0.052518
0.363747
0.175971
0.053840
0.256158
0.206585
0.067719
0.052067
0.171108
0.111460
0.457973
0.177480
0.143381
0.142362
0.062037
0.065786
0.058227
0.080305
0.083397
0.496090
0.089339
0.054557
0.074062
0.352670
0.263867
0.463289
0.056533
0.191602
0.108058
0.487286
0.054108
0.061227
0.439980
0.076975
0.111221
0.117603
0.321285
0.303380
0.281911
0.143822
0.121456
0.172413
0.169828
0.115054
0.110009
0.160948
0.232456
0.297797
0.070035
0.423502
0.252100
0.168324
0.088143
0.057535
0.121413
0.189342
0.264107
0.267520
0.154839
0.052019
0.474207
0.360246
0.098446
0.283165
0.081533
0.185858
0.359176
0.349253
0.250541
0.453346
0.448187
0.147441
0.431626
0.212296
0.084357
0.081415
0.418730
0.057747
0.314157
0.326130
0.065638
0.068028
0.091725
0.227778
0.216753
0.054960
0.317895
0.300171
0.079277
0.211621
0.115198
0.122003
0.059049
0.186904
0.106797
0.131045
0.177369
0.097646
0.450880
0.377441
0.305985
0.299177
0.250218
0.156414
0.118699
0.179722
0.372982
0.051590
0.154438
0.479786
0.085438
0.304750
0.403558
0.241285
0.144082
0.363599
0.064261
0.074992
0.106888
0.067302
0.091015
0.307343
0.104720
0.334518
0.212950
0.249658
0.280872
0.110964
0.474966
0.123868
0.133380
0.173650
0.371624
0.229404
0.241910
0.306619
0.139750
0.143717
0.145429
0.498142
0.105811
0.444383
0.274341
0.133588
0.133529
0.221224
0.195306
0.124956
0.268639
0.063447
0.074073
0.415394
0.210079
0.177117
0.289149
0.272011
0.390352
0.123081
0.105049
0.062730
0.179891
0.176906
0.382685
0.373830
0.424167
0.086044
0.247741
0.095559
0.050408
0.273746
0.085913
0.346213
0.122329
0.221159
0.110099
0.220521
0.240715
0.087320
0.103051
0.264446
0.320271
0.078514
0.119002
0.059899
0.065547
0.062024
0.071837
0.186278
0.071986
0.071475
0.071410
0.452868
0.412396
0.061254
0.189472
0.061114
0.103775
0.177786
0.173068
0.313726
0.194127
0.256268
0.349773
0.083941
0.103686
0.125778
0.071764
0.075767
0.273469
0.368701
0.330056
0.203447
0.270396
0.148844
0.098536
0.141932
0.491906
0.056384
0.271031
0.056646
0.054777
0.327853
0.184962
0.078165
0.137557
0.470328
0.225301
0.060621
0.074573
0.050690
0.122396
0.074158
0.274194
0.067808
0.277577
0.060371
0.051742
0.321508
0.242468
0.069660
0.061875
0.186647
0.217075
0.050194
0.225356
0.179955
0.283389
0.073784
0.450694
0.903421
0.072148
0.091927
0.095976
0.220028
0.213630
0.306749
0.207030
0.053209
0.110048
0.396775
0.105729
0.103672
0.053447
0.333333
0.243641
0.321729
0.146285
0.116192
0.064112
0.051793
0.492131
0.070275
0.210241
0.163161
0.059800
0.355407
0.117320
0.311341
0.092152
0.182532
0.252735
0.222413
0.217323
0.084934
0.191857
0.294991
0.262587
0.054493
0.295586
0.496959
0.220155
0.071461
0.141569
0.225652
0.083561
0.089745
0.187805
0.492167
0.447697
0.155375
0.156483
0.062702
0.062661
0.129689
0.160875
0.098345
0.307809
0.072306
0.294654
0.076342
0.411585
0.415556
0.357448
0.079918
0.148942
0.060310
0.077818
0.279132
0.133125
0.188181
0.060907
0.240941
0.209550
0.413524
0.192579
0.087200
0.257098
0.082672
0.178095
0.058446
0.472115
0.167881
0.255189
0.124840
0.144828
0.405284
0.206581
0.190345
0.110832
0.063849
0.136521
0.472980
0.050316
0.223328
0.166828
0.066082
0.146494
0.112385
0.217133
0.201176
0.200205
0.192738
0.243129
0.367390
0.168705
0.173917
0.230818
0.471861
0.141294
0.158575
0.154791
0.408302
0.395910
0.114854
0.064199
0.119308
0.059553
0.179968
0.057302
0.109460
0.223172
0.085066
0.197294
0.260933
0.221971
0.062864
0.141530
0.350592
0.193708
0.472970
0.250089
0.349369
0.365009
0.280439
0.107834
0.201288
0.071300
0.098164
0.430009
0.197245
0.463818
0.274772
0.067973
0.462269
0.369618
0.073405
0.116900
0.216916
0.451340
0.116264
0.143765
0.106303
0.347955
0.397640
0.075297
0.389748
0.405934
0.077570
0.059031
0.143404
0.295022
0.113658
0.464936
0.054489
0.061336
0.137225
0.102660
0.492145
0.077715
0.274092
0.051375
0.250390
0.352145
0.087360
0.105554
0.259841
0.492925
0.143162
0.341462
0.143591
0.056070
0.179043
0.121080
0.190171
0.490278
0.164934
0.161299
0.324615
0.295136
0.275825
0.480512
0.414231
0.061656
0.231760
0.076360
0.092681
0.094632
0.362199
0.351202
0.125925
0.072860
0.099222
0.071772
0.313352
0.074042
0.053804
0.224242
0.206987
0.422397
0.195047
0.071067
0.067590
0.071437
0.461068
0.213635
0.494593
0.280580
0.080403
0.486587
0.107630
0.347310
0.128768
0.366886
0.368698
0.408791
0.466972
0.239817
0.067534
0.270944
0.103514
0.202676
0.291359
0.304750
0.224952
0.091118
0.228960
0.064955
0.168169
0.383443
0.051629
0.290755
0.338455
0.340811
0.094599
0.165692
0.210800
0.426117
0.469403
0.071597
0.094000
0.053401
0.413074
0.333619
0.061403
0.397125
0.164138
0.147837
0.145495
0.087685
0.318209
0.087726
0.241834
0.096982
0.449356
0.335042
0.215821
0.305804
0.497491
0.429711
0.117993
0.332433
0.271354
0.051942
0.274403
0.437076
0.073933
0.301507
0.406738
0.362819
0.112484
0.060706
0.173694
0.080009
0.146266
0.167419
0.053158
0.120692
0.413950
0.181021
0.442848
0.078370
0.469872
0.484742
0.069479
0.106791
0.119254
0.080592
0.490383
0.278181
0.150213
0.097127
0.129216
0.069242
0.129614
0.189330
0.193108
0.117117
0.375630
0.284815
0.315898
0.133775
0.161928
0.479422
0.072219
0.348102
0.246674
0.102344
0.074034
0.329884
0.127238
0.086504
0.128362
0.066655
0.364505
0.272915
0.147771
0.139428
0.317613
0.079800
0.061085
0.059434
0.494780
0.186926
0.492690
0.085992
0.195685
0.052623
0.081556
0.074178
0.150179
0.196558
0.227975
0.086684
0.193523
0.138066
0.175717
0.201491
0.077658
0.051778
0.392111
0.454018
0.464269
0.069637
0.464623
0.063059
0.106608
0.331074
0.054984
0.079344
0.192838
0.495063
0.105410
0.366312
0.156329
0.252263
0.196252
0.200282
0.063560
0.154871
0.376504
0.061598
0.050878
0.072413
0.072430
0.245275
0.306808
0.093511
0.096578
0.191968
0.057733
0.124358
0.192567
0.252141
0.352464
0.275748
0.133789
0.165315
0.459492
0.323714
0.129195
0.417599
0.422057
0.169668
0.074450
0.156211
0.253538
0.270798
0.405037
0.290356
0.206779
0.073140
0.401498
0.410736
0.099476
0.084618
0.070871
0.438835
0.476263
0.480983
0.468334
0.273644
0.093979
0.312276
0.276547
0.486854
0.489201
0.208339
0.120894
0.111229
0.113307
0.289111
0.453051
0.487364
0.336831
0.402071
0.401681
0.389465
0.201196
0.072336
0.298605
0.277795
0.204693
0.455235
0.173941
0.183014
0.479959
0.141774
0.061606
0.157317
0.226127
0.087516
0.110068
0.185446
0.103456
0.121744
0.333411
0.417927
0.145648
0.293935
0.415438
0.098755
0.067736
0.058960
0.307807
0.190876
0.148372
0.180690
0.297320
0.059782
0.088197
0.290320
0.225657
0.204532
0.939733
0.425905
0.096591
0.060733
0.174278
0.424256
0.059460
0.131905
0.124135
0.099613
0.130992
0.384249
0.056941
0.308569
0.372997
0.241449
0.438196
0.166838
0.059819
0.070860
0.472535
0.350454
0.072909
0.239982
0.078032
0.136992
0.327005
0.113599
0.186584
0.158613
0.289573
0.249378
0.111717
0.101490
0.205435
0.499947
0.106021
0.184940
0.352978
0.291729
0.270608
0.062125
0.126831
0.078557
0.486679
0.095730
0.127359
0.265614
0.318050
0.122811
0.115674
0.082605
0.270649
0.232888
0.089441
0.475162
0.133093
0.116164
0.261347
0.462996
0.135421
0.184527
0.112649
0.201481
0.091784
0.360323
0.371453
0.372101
0.192177
0.133341
0.185720
0.113967
0.102709
0.071904
